  10  20  30  40  50  60  70  80   0  48
  11  21  31  41  51  61  71  81   0  96
  12  22  32  42  52  62  72  82   0  96
  13  23  33  43  53  63  73  83   0  96
  14  24  34  44  54  64  74  84   0 208
  15  25  35  45  55  65  75  85   0  64
  16  26  36  46  56  66  76  86   0 160
  17  27  37  47  57  67  77  87   0   0

 170 126 217 250   3  71   1 197 244 119
  41  93 194  73  77 163 142 106  74 108
  71 222 247  92 105 133 161 162  74  73
 109 147  85 124 103  19 216  11  88 185
 182 233   4 142 129 254  34 201 228 250
 246 218 118 174  17 200  28 234  73 213
 218  43  33 204 225  88 190  80 218  32
 199  32 234 113 189 121 231  71  12  56

  57 235  71  71 254 205  53  60 205 232
 137 250 158 107 209  97  75 204  62 153
  82  93 170  95 152 144  14  12 233 137
  53 232  47 100  38 115 101 211  77 254
  28  68 209 248  95  20  82 107 109   1
  45  51 195 139 137 171  24 215  86 188
  85 142  44 242 154 130 188 250 175  23
 126  44 201 242 253 155 186 232  48 116

 199  32  95  21 157 133  13 129   40 57
  20  73  54 217  63  16 113  30   64 43
 168  96   7 159 111 240 130 103   56 85
 168 250  98  49 185 212  27 165 211  39
 196 129  40 209 249 252 106 150  23 108
 241 135 226  28  17  77 172  45 174 193
  48 146  18  21 251 232  96  88 112  79
 254 127  44  33  35 127 129 181 123  51

  99 203  33 204  95  32 181 233 255 102
 237 208   7 172  47  88 141 190  95  56
 223 124 105 110 193 115 246  50 251  10
 196  33 106  87 238  84   0  88  20  68
  95 224 189 140  41 161 142 254 126 186
  38 219 104  52 187 194 123  24   9 117
 117 119 188 102  78  39 148 249 123  81
 102 106 208 158 233 144 221  47 136  26